1
0.050000
0.0297609851255 0.0284281509155 0.0280377612809 0.0278442283266
0.00105057700659 0.00106864613719 0.0010309822637 0.00104425990517
0.0 0.0 0.0 0.0
0.0 0.0 0.0 0.0
2
0.050000
0.338549650736 0.326908885364 0.319390540656 0.318306702889
0.0112875452125 0.00350220413667 0.000689962723903 0.000274632438116
0.0 0.0 0.0 0.0
0.0 0.0 0.0 0.0
1
0.250000
0.550744166149 0.365959349573 0.392696755193 0.329780387177
0.420053079418 0.188958028696 0.185370783836 0.148173731065
0.266125 0.22075 0.150125 0.139875
0.232165720715 0.172043054204 0.129118344456 0.104494243262
2
0.250000
0.434257257414 0.417895402501 0.407762225921 0.405952001964
0.0106210786368 0.00739105563814 0.00155007493003 0.000764339406525
0.042875 0.03275 0.0285 0.02775
0.0123307288917 0.0094835383692 0.0028939592257 0.00235849528301
